serial: 52.226160
Threads=2 : 685.746474
Threads=2 -O2 : 75.255587
